B 0 1
1 0 0 0 1 0 0 0 0 0 0 0 0 1 1 0 0 0 0 0 
1 1 0 0 0 0 0 0 0 0 0 0 1 0 0 0 0 1 0 0 
B
8
1 0 0 R
0 0 1 B
1 1 0 R
0 0 0 B
0 2 2 B
1 3 2 R
1 3 1 B
0 3 2 R



B 8 8
1 1 1 1 1 1 1 1 1 1 1 1 1 1 1 1 1 1 1 1 
1 1 1 1 1 1 1 1 1 1 1 1 1 1 1 1 1 1 1 1 
R R B B R R B B R R B B R R B B 
40
1 0 0 R
1 0 1 B
1 0 2 R
1 0 3 B
0 0 4 R
0 1 4 B
0 2 4 R
0 3 4 B
1 4 3 R
1 4 2 B
1 4 1 R
1 4 0 B
0 3 2 R
0 3 0 B
0 2 0 R
0 1 0 B
0 0 0 R
0 2 2 B
0 1 2 R
0 0 2 B
0 0 1 R
0 1 1 B
0 2 1 R
0 3 1 B
1 1 0 R
1 1 1 R
1 2 0 R
1 2 1 R
1 3 0 R
1 3 1 R
0 0 3 R
0 1 3 B
0 2 3 R
0 3 3 B
1 2 3 R
1 1 3 B
1 3 3 B
1 1 2 B
1 2 2 B
1 3 2 B


draw user input
1
2
3
4
25
30
35
40
20
19
18
17
36
31
26
21
23
28
33
38
22
27
32
37
5
6
9
10
13
14
24
29
34
39
12
8
16
7
11
15